48,57,1,1,1,1, ﻿Επιδόματα
48,57,1,2,2,1, Παροχές
48,57,1,1,1,1, Οικογενειακό
48,57,1,1,1,1, Επίδομα
48,57,1,1,1,1, Εποχιακά
48,57,1,1,1,1, Βοηθήματα
48,57,1,1,1,1, Άρθρου
48,57,1,1,1,1, Ν
48,57,1,1,1,1, Συμπληρωματικές
48,57,1,1,1,1, Μητρότητας
48,57,1,2,2,1, Περισσότερα
48,57,1,1,1,1, Νέες
48,57,1,1,1,1, Δράσεις
48,57,1,1,1,1, Προγράμματα
48,57,1,3,3,1, Πρόγραμμα
48,57,1,2,2,1, Κατάρτισης
48,57,1,1,1,1, Αυτοαπασχολουμένων
48,57,1,1,1,1, στον
48,57,1,1,1,1, Δευτερογενή
48,57,1,2,24,3, και
48,57,1,1,1,1, Τριτογενή
48,57,1,2,2,1, Τομέα
48,57,1,2,7,3, σε
48,57,1,1,1,1, Πιστοποιημένα
48,57,1,1,1,1, Κέντρα
48,57,1,1,1,1, Επαγγελματικής
48,57,1,1,1,1, ΚΕΚ
48,57,1,1,1,1, απόκτησης
48,57,1,1,1,1, εργασιακής
48,57,1,1,1,1, εμπειρίας
48,57,1,1,3,2, φορείς
48,57,1,2,22,3, του
48,57,1,1,1,1, Υγείας
48,57,1,1,1,1, Κοινωνικής
48,57,1,1,1,1, Αλληλεγγύης
48,57,1,1,1,1, Ειδικό
48,57,1,1,1,1, Ολοκληρωμένης
48,57,1,1,1,1, Παρέμβασης
48,57,1,1,9,3, για
48,57,1,1,1,1, ανέργους
48,57,1,1,3,2, Νομού
48,57,1,1,1,1, Αρκαδίας
48,57,1,1,1,1, ημ
48,57,1,1,1,1, νία
48,57,1,1,1,1, έναρξης
48,57,1,1,1,1, υποβολής
48,57,1,1,9,3, των
48,57,1,1,1,1, αιτήσεων
147,203,2,1,1,1, ﻿Πρόσφατα
147,203,2,1,1,1, νέα
147,203,2,3,5,2, Η
147,203,2,1,1,1, καρδιά
147,203,2,7,22,3, του
147,203,2,6,6,1, Αγροτουρισμού
147,203,2,1,3,2, τον
147,203,2,1,1,1, Ιούλιο
147,203,2,1,1,1, χτυπάει
147,203,2,4,7,2, στην
147,203,2,1,1,1, Επίδαυρο
147,203,2,4,4,1, Ανακοινώσεις
147,203,2,1,2,2, Το
147,203,2,1,1,1, ο
147,203,2,1,1,1, Πανηγύρι
147,203,2,1,1,1, άνοιξε
147,203,2,4,6,2, τις
147,203,2,1,1,1, πύλες
147,203,2,1,4,2, στους
147,203,2,2,2,1, επισκέπτες
147,203,2,4,15,2, την
147,203,2,1,1,1, Παρασκευή
147,203,2,1,1,1, Ιουλίου
147,203,2,4,9,3, για
147,203,2,1,6,2, να
147,203,2,2,4,2, τους
147,203,2,1,1,1, υποδεχθεί
147,203,2,2,7,2, με
147,203,2,3,11,2, το
147,203,2,1,1,1, σύνθημα
147,203,2,1,1,1, Τουρισμός
147,203,2,1,5,2, –
147,203,2,1,1,1, Πολιτισμός
147,203,2,1,1,1, Αγροτικά
147,203,2,1,1,1, Προϊόντα
147,203,2,7,19,2, της
147,203,2,1,1,1, Επιδαύριας
147,203,2,1,1,1, γης
147,203,2,1,1,1, Σε
147,203,2,1,1,1, μια
147,203,2,1,1,1, πανηγυρική
147,203,2,1,1,1, ατμόσφαιρα
147,203,2,1,1,1, ελληνικού
147,203,2,1,1,1, παραδοσιακού
147,203,2,1,1,1, γλεντιού
147,203,2,1,1,1, επίλεκτοι
147,203,2,1,1,1, εκθέτες
147,203,2,1,1,1, φημισμένων
147,203,2,1,1,1, παραδοσιακών
147,203,2,1,2,2, προϊόντων
147,203,2,1,1,1, Ξεπέρασαν
147,203,2,1,3,2, οι
147,203,2,1,1,1, δικτυακής
147,203,2,1,1,1, «Πύλης»
147,203,2,3,3,1, τουρισμού
147,203,2,2,2,1, υπαίθρου
147,203,2,1,1,1, Δελτίο
147,203,2,1,1,1, Τύπου
147,203,2,1,1,1, Μία
147,203,2,4,7,2, από
147,203,2,1,1,1, πρώτες
147,203,2,1,1,1, θέσεις
147,203,2,1,1,1, μεταξύ
147,203,2,2,9,3, των
147,203,2,1,1,1, τουριστικών
147,203,2,1,1,1, κατέκτησε
147,203,2,3,9,2, η
147,203,2,1,1,1, πρωτοποριακή
147,203,2,1,1,1, δικτυακή
147,203,2,1,1,1, «Πύλη»
147,203,2,2,7,2, που
147,203,2,1,1,1, δημιούργησε
147,203,2,5,24,3, και
147,203,2,1,1,1, έθεσε
147,203,2,1,7,3, σε
147,203,2,1,1,1, λειτουργία
147,203,2,1,1,1, πριν
147,203,2,1,1,1, χρόνο
147,203,2,1,1,1, Αγροτουριστική
147,203,2,2,2,1, Συνάντηση
147,203,2,1,1,1, αγροτουριστικών
147,203,2,1,3,2, επιχειρήσεων
147,203,2,1,4,2, τα
147,203,2,1,2,2, προβλήματα
147,203,2,1,2,2, συντονισμό
147,203,2,1,1,1, προοπτικές
147,203,2,1,1,1, Ελληνική
147,203,2,1,1,1, πραγματικότητα
147,203,2,1,1,1, πραγματοποιείται
147,203,2,1,1,1, επιχειρηματίες
147,203,2,1,1,1, όλη
147,203,2,1,1,1, Ελλάδα
147,203,2,1,5,2, στις
147,203,2,1,1,1, Ιουνίου
147,203,2,1,1,1, Κρήτη
147,203,2,1,1,1, Γιορτή
147,203,2,1,1,1, Χίος
147,203,2,1,2,2, Νομαρχιακή
147,203,2,1,2,2, Αυτοδιοίκηση
147,203,2,2,2,1, Χίου
147,203,2,1,1,1, διοργανώνει
147,203,2,1,1,1, υπό
147,203,2,1,1,1, αιγίδα
147,203,2,1,1,1, Αγροτουριστικής
147,203,2,1,6,2, Α
147,203,2,1,9,2, Ε
147,203,2,1,1,1, τρίτη
147,203,2,1,1,1, συνεχόμενη
147,203,2,1,1,1, χρονιά
147,203,2,1,2,2, τη
147,203,2,1,1,1, «Γιορτή
147,203,2,1,1,1, Χίου»
147,203,2,1,1,1, διάστημα
147,203,2,1,1,1, έως
147,203,2,1,1,1, Αυγούστου
147,203,2,1,1,1, εκδήλωση
147,203,2,1,1,1, έχει
147,203,2,2,2,1, πλέον
147,203,2,1,1,1, καθιερωθεί
147,203,2,1,1,1, ως
147,203,2,1,1,1, πανηγύρι
147,203,2,1,1,1, ποιότητας
147,203,2,1,3,2, αποτελεί
147,203,2,1,1,1, θεσμό
147,203,2,1,1,1, καλοκαιρινή
147,203,2,1,1,1, ζωή
147,203,2,1,1,1, τόπου
147,203,2,1,1,1, λόγω
147,203,2,1,1,1, μεγάλης
147,203,2,1,1,1, συμμετοχής
147,203,2,1,1,1, εκθετών
147,203,2,1,1,1, μαζικής
147,203,2,1,1,1, προσέλευσης
147,203,2,1,1,1, κοινού
147,203,2,1,4,2, στο
147,203,2,1,1,1, Δημοτικό
147,203,2,1,1,1, κήπο
147,203,2,1,1,1, Ανάπτυξη
147,203,2,1,1,1, εναλλακτικών
147,203,2,1,1,1, μορφών
147,203,2,1,2,2, στα
147,203,2,1,1,1, νησιά
147,203,2,1,1,1, Βορείου
147,203,2,1,1,1, Αιγαίου
147,203,2,1,1,1, Ημερίδα
147,203,2,1,1,1, ανάπτυξη
147,203,2,1,1,1, περιφέρειας
226,403,3,1,1,1, ﻿Στο
226,403,3,1,1,1, μπορείτε
226,403,3,5,6,2, να
226,403,3,1,1,1, βρείτε
226,403,3,1,1,1, αναλυτικές
226,403,3,1,1,1, πληροφορίες
226,403,3,4,9,3, για
226,403,3,8,11,2, το
226,403,3,1,1,1, προφίλ
226,403,3,17,24,3, και
226,403,3,2,6,2, τις
226,403,3,1,1,1, δραστηριότητες
226,403,3,12,19,2, της
226,403,3,1,1,1, Αναπτυξιακής
226,403,3,1,1,1, Εταιρίας
226,403,3,6,6,1, ΗΠΕΙΡΟΣ
226,403,3,5,6,2, Α
226,403,3,8,9,2, Ε
226,403,3,1,1,1, ΟΜΑΔΑ
226,403,3,1,1,1, ΤΟΠΙΚΗΣ
226,403,3,1,1,1, ΔΡΑΣΗΣ
226,403,3,2,5,2, Η
226,403,3,2,2,1, Αναπτυξιακή
226,403,3,1,1,1, Εταιρία
226,403,3,1,1,1, αποτέλεσε
226,403,3,1,1,1, ενδιάμεσο
226,403,3,1,1,1, φορέα
226,403,3,1,1,1, Ομάδα
226,403,3,1,1,1, Τοπικής
226,403,3,1,1,1, Δράσης
226,403,3,2,2,1, ΟΤΔ
226,403,3,11,15,2, την
226,403,3,2,2,1, υλοποίηση
226,403,3,1,1,1, Κοινοτικής
226,403,3,1,1,1, Πρωτοβουλίας
226,403,3,2,3,2, αποτελεί
226,403,3,3,4,2, στο
226,403,3,2,2,1, πλαίσιο
226,403,3,3,4,2, στους
226,403,3,1,1,1, Νομούς
226,403,3,4,4,1, Ιωαννίνων
226,403,3,1,1,1, Θεσπρωτίας
226,403,3,2,2,1, ΠΡΟΚΗΡΥΞΗ
226,403,3,1,1,1, ΕΡΩΤΗΣΕΙΣ
226,403,3,1,1,1, ΑΠΑΝΤΗΣΕΙΣ
226,403,3,1,1,1, ΔΟΜΗ
226,403,3,1,1,1, ΣΤΗΡΙΞΗΣ
226,403,3,3,3,1, ΟΠΑΑΧ
226,403,3,1,1,1, αντένα
226,403,3,13,22,3, του
226,403,3,2,3,2, Νομού
226,403,3,6,9,3, των
226,403,3,1,1,1, Ολοκληρωμένων
226,403,3,1,1,1, Προγραμμάτων
226,403,3,2,2,1, Ανάπτυξης
226,403,3,1,1,1, Αγροτικού
226,403,3,1,1,1, Χώρου
226,403,3,2,2,1, Περιφέρειας
226,403,3,2,2,1, Ηπείρου
226,403,3,1,1,1, παρέχει
226,403,3,1,1,1, υπηρεσίες
226,403,3,1,1,1, στήριξης
226,403,3,1,1,1, κατοίκους
226,403,3,2,2,1, αγροτικών
226,403,3,1,1,1, περιοχών
226,403,3,1,1,1, όπου
226,403,3,1,1,1, υλοποιούνται
226,403,3,3,4,2, τα
226,403,3,3,3,1, καθώς
226,403,3,1,1,1, επενδυτές
226,403,3,5,7,2, που
226,403,3,1,1,1, τελικώς
226,403,3,1,1,1, εγκρίνονται
226,403,3,1,1,1, επιχορηγούνται
226,403,3,1,1,1, έργων
226,403,3,1,1,1, προγράμματος
226,403,3,1,1,1, ΠΡΟΣΑΡΜΟΣΤΙΚΟΤΗΤΑ
226,403,3,2,2,1, ΜΜΕ
226,403,3,1,1,1, ΤΟΥΡΙΣΜΟΥ
226,403,3,1,1,1, ΤΟΠΙΚΩΝ
226,403,3,1,1,1, ΠΡΟΪΌΝΤΩΝ
226,403,3,1,1,1, ΗΠΕΙΡΟΥ
226,403,3,6,6,1, Κ
226,403,3,6,6,1, Π
226,403,3,3,3,1, Στα
226,403,3,4,4,1, πλαίσια
226,403,3,3,3,1, Μέτρου
226,403,3,6,9,2, η
226,403,3,2,2,1, ΑΕ
226,403,3,4,5,2, –
226,403,3,4,7,3, σε
226,403,3,3,3,1, συνεργασία
226,403,3,5,7,2, με
226,403,3,2,2,1, άλλους
226,403,3,2,3,2, φορείς
226,403,3,2,2,1, υλοποιεί
226,403,3,2,2,1, έργο
226,403,3,1,1,1, «Προσαρμοστικότητα
226,403,3,1,1,1, Τουρισμού
226,403,3,1,1,1, Τοπικών
226,403,3,1,1,1, Προϊόντων
226,403,3,1,1,1, Ηπείρου»
226,403,3,1,1,1, Φιλοδοξία
226,403,3,2,2,1, Έργου
226,403,3,2,2,1, είναι
226,403,3,1,1,1, δημιουργήσει
226,403,3,1,1,1, μέσω
226,403,3,1,1,1, μιας
226,403,3,1,1,1, ολοκληρωμένης
226,403,3,1,1,1, παρέμβασης
226,403,3,1,1,1, τριών
226,403,3,1,1,1, ταχυτήτων
226,403,3,1,1,1, προϋποθέσεις
226,403,3,1,1,1, εκείνες
226,403,3,1,1,1, θα
226,403,3,1,1,1, οδηγήσουν
226,403,3,3,7,2, στην
226,403,3,1,1,1, ενίσχυση
226,403,3,2,3,2, επιχειρήσεων
226,403,3,1,1,1, συνδέονται
226,403,3,2,3,2, τον
226,403,3,1,1,1, τουρισμό
226,403,3,1,1,1, μεταποίηση
226,403,3,1,2,2, προϊόντων
226,403,3,1,1,1, αναδείξει
226,403,3,1,2,2, προβλήματα
226,403,3,1,1,1, αντιμετωπίζουν
226,403,3,2,3,2, οι
226,403,3,2,2,1, επιχειρήσεις
226,403,3,1,1,1, αναγκαιότητα
226,403,3,1,1,1, συνεχούς
226,403,3,1,1,1, προσαρμογής
226,403,3,2,4,2, τους
226,403,3,1,1,1, ένα
226,403,3,1,1,1, μεταβαλλόμενο
226,403,3,1,1,1, κοινωνικό
226,403,3,1,1,1, οικονομικό
226,403,3,1,1,1, τεχνολογικό
226,403,3,1,1,1, περιβάλλον
226,403,3,1,1,1, παροχή
226,403,3,1,1,1, υποστήριξης
226,403,3,3,7,2, από
226,403,3,1,1,1, εξειδικευμένα
226,403,3,1,1,1, στελέχη
226,403,3,2,2,1, έργου
226,403,3,1,1,1, επιτύχουν
226,403,3,1,1,1, προσαρμογή
226,403,3,4,5,2, στις
226,403,3,1,1,1, νέες
226,403,3,1,1,1, τάσεις
226,403,3,1,1,1, αγοράς
226,403,3,1,1,1, αποτελούν
226,403,3,1,1,1, πρωταρχικούς
226,403,3,1,1,1, στόχους
226,403,3,1,1,1, ΑΓΡΟΤΙΚΗ
226,403,3,1,1,1, ΕΠΙΧΕΙΡΗΜΑΤΙΚΟΤΗΤΑ
226,403,3,1,1,1, ΣΤΗΝ
226,403,3,1,1,1, ΠΙΝΔΟ
226,403,3,1,1,1, ορεινού
226,403,3,1,1,1, όγκου
226,403,3,2,2,1, Πίνδου
226,403,3,1,1,1, «Αγροτική
226,403,3,1,1,1, Επιχειρηματικότητα
226,403,3,1,1,1, Πίνδο»
226,403,3,1,1,1, Σκοπός
226,403,3,1,1,1, ενθάρρυνση
226,403,3,2,2,1, υποστήριξη
226,403,3,1,1,1, επιχειρηματικότητας
226,403,3,1,1,1, αγροτών
226,403,3,1,1,1, ορεινές
226,403,3,1,1,1, απομακρυσμένες
226,403,3,1,1,1, περιοχές
226,403,3,1,1,1, νέων
226,403,3,1,1,1, κτημάτων
226,403,3,1,1,1, εισαγωγή
226,403,3,1,1,1, καινοτομίας
226,403,3,1,1,1, παραγωγή
226,403,3,1,1,1, προϊόν
226,403,3,1,1,1, οργάνωση
226,403,3,1,2,2, τη
226,403,3,1,1,1, διαχείριση
226,403,3,1,1,1, προώθηση
226,403,3,1,1,1, ΚΕΝΤΡΟ
226,403,3,1,1,1, ΥΠΟΔΟΧΗΣ
226,403,3,1,1,1, ΕΠΕΝΔΥΤΩΝ
226,403,3,1,1,1, ΝΟΜΟΥ
226,403,3,1,1,1, ΙΩΑΝΝΙΝΩΝ
226,403,3,2,2,1, Επιχειρησιακού
226,403,3,2,2,1, Προγράμματος
226,403,3,1,1,1, Ανταγωνιστικότητας
226,403,3,1,1,1, ΑΝ
226,403,3,1,1,1, ιδρύθηκε
226,403,3,1,2,2, Νομαρχιακή
226,403,3,1,2,2, Αυτοδιοίκηση
226,403,3,1,1,1, Εταιρεία
226,403,3,1,1,1, Κέντρο
226,403,3,1,1,1, Υποδοχής
226,403,3,1,1,1, Επενδυτών
226,403,3,2,2,1, Υ
226,403,3,1,1,1, σκοπό
226,403,3,1,2,2, συντονισμό
226,403,3,1,1,1, όλων
226,403,3,1,1,1, δημόσιων
226,403,3,1,1,1, υπηρεσιών
226,403,3,1,1,1, συμμετέχουν
226,403,3,2,2,1, διαδικασίες
226,403,3,1,1,1, σύστασης
226,403,3,2,2,1, μίας
226,403,3,1,1,1, νέας
226,403,3,2,2,1, επιχείρησης
226,403,3,1,1,1, αδειοδότησης
226,403,3,1,1,1, εγκατάστασης
226,403,3,1,1,1, λειτουργίας
226,403,3,1,1,1, τομέα
226,403,3,1,1,1, βιομηχανίας
226,403,3,1,1,1, βιοτεχνίας
226,403,3,1,1,1, ώστε
226,403,3,1,1,1, διευκολύνουν
226,403,3,1,1,1, επενδυτή
226,403,3,1,1,1, επιχειρηματία
226,403,3,1,2,2, Το
226,403,3,1,1,1, χρηματοδοτείται
226,403,3,1,1,1, Υπουργείο
226,403,3,1,1,1, Τ
226,403,3,1,2,2, στα
226,403,3,1,1,1, Ανταγωνιστικότητα
