283,360,1,1,1,1, ﻿Русская
283,360,1,1,1,1, культура
283,360,1,6,9,2, в
283,360,1,1,1,1, канун
283,360,1,1,1,1, петровских
283,360,1,1,1,1, реформ
283,360,1,1,1,1, Глава
283,360,1,1,1,1, третья
283,360,1,1,1,1, Допущение
283,360,1,1,1,1, В
283,360,1,1,1,1, П
283,360,1,1,1,1, Адриановой
283,360,1,1,1,1, Перетц
283,360,1,1,1,1, вполне
283,360,1,1,1,1, резонно
283,360,1,1,1,1, Обратим
283,360,1,1,1,1, внимание
283,360,1,2,13,3, на
283,360,1,1,2,2, то
283,360,1,3,5,3, что
283,360,1,1,1,1, шутовской
283,360,1,1,2,2, путь
283,360,1,1,1,1, «до
283,360,1,1,1,1, тово
283,360,1,1,1,1, веселья»
283,360,1,1,1,1, начинается
283,360,1,1,1,1, Кракове
283,360,1,1,1,1, Значит
283,360,1,2,2,1, Краков
283,360,1,1,1,1, был
283,360,1,1,1,1, «обсервационным
283,360,1,1,1,1, пунктом»
283,360,1,1,1,1, автора
283,360,1,16,36,3, и
283,360,1,4,7,2, по
283,360,1,1,1,1, видимому
283,360,1,1,1,1, родиной
283,360,1,2,2,1, протооригинала
283,360,1,2,2,1, «Сказания»
283,360,1,1,1,1, Впрочем
283,360,1,3,5,2, это
283,360,1,1,1,1, могла
283,360,1,1,1,1, быть
283,360,1,1,1,1, условность
283,360,1,1,1,1, ведь
283,360,1,1,1,1, именно
283,360,1,1,1,1, столица
283,360,1,1,1,1, Малой
283,360,1,1,1,1, Польши
283,360,1,8,24,2, —
283,360,1,1,1,1, главный
283,360,1,1,1,1, очаг
283,360,1,1,1,1, польской
283,360,1,1,1,1, смеховой
283,360,1,1,1,1, литературы
283,360,1,1,1,1, Здесь
283,360,1,1,1,1, она
283,360,1,1,1,1, сочинялась
283,360,1,1,1,1, здесь
283,360,1,1,1,1, печаталась
283,360,1,1,1,1, Ее
283,360,1,1,1,1, укрывавшиеся
283,360,1,2,3,2, под
283,360,1,1,1,1, шутовскими
283,360,1,1,1,1, псевдонимами
283,360,1,1,1,1, авторы
283,360,1,1,1,1, рекрутировались
283,360,1,3,3,1, из
283,360,1,1,1,1, рядов
283,360,1,1,1,1, интеллигентного
283,360,1,1,1,1, пролетариата
283,360,1,1,1,1, бродячих
283,360,1,1,1,1, школяров
283,360,1,1,1,1, бакалавров
283,360,1,1,1,1, безместных
283,360,1,1,1,1, канторов
283,360,1,1,1,1, певчих
283,360,1,1,1,1, учителей
283,360,1,1,1,1, приходских
283,360,1,1,1,1, школ
283,360,1,1,1,1, Разумеется
283,360,1,1,1,1, поис
283,360,1,1,1,1, ки
283,360,1,1,1,1, гипотетического
283,360,1,1,1,1, «Сказания
283,360,1,1,1,1, роскошном
283,360,1,1,1,1, житии
283,360,1,1,1,1, веселии»
283,360,1,1,1,1, вовсе
283,360,1,5,10,3, не
283,360,1,1,1,1, обязательно
283,360,1,1,1,1, увенчаются
283,360,1,1,1,1, успехом
283,360,1,1,1,1, «Сказание»
283,360,1,1,1,1, насыщено
283,360,1,1,1,1, русскими
283,360,1,1,1,1, реалиями
283,360,1,1,1,1, касающимися
283,360,1,1,1,1, бытовой
283,360,1,1,1,1, сферы
283,360,1,1,1,1, еды
283,360,1,1,1,1, питья
283,360,1,1,1,1, т
283,360,1,1,1,1, п
283,360,1,1,1,1, Это
283,360,1,1,1,1, свидетельствует
283,360,1,1,1,1, коренной
283,360,1,1,1,1, переделке
283,360,1,1,1,1, источника
283,360,1,2,2,1, Однако
283,360,1,1,1,1, польские
283,360,1,1,1,1, украинские
283,360,1,1,1,1, аналоги
283,360,1,1,1,1, существуют
283,360,1,1,1,1, Они
283,360,1,1,1,1, написаны
283,360,1,1,1,1, прозой
283,360,1,1,1,1, стихом
283,360,1,2,2,1, Из
283,360,1,1,1,1, прозаических
283,360,1,1,1,1, текстов
283,360,1,1,1,1, этого
283,360,1,1,1,1, круга
283,360,1,1,2,2, больше
283,360,1,2,2,1, всего
283,360,1,1,1,1, известны
283,360,1,3,3,1, «
283,360,1,3,3,1, ć
283,360,1,3,3,1, »
283,360,1,1,1,1, около
283,360,1,1,1,1, первом
283,360,1,1,1,1, вожделенная
283,360,1,2,2,1, страна
283,360,1,1,1,1, обжор
283,360,1,1,1,1, пьяниц
283,360,1,1,1,1, имеет
283,360,1,1,1,1, точной
283,360,1,1,1,1, географической
283,360,1,1,1,1, локализации
283,360,1,1,1,1, баснословный
283,360,1,7,7,1, ę
283,360,1,1,1,1, нем
283,360,1,1,3,3, во
283,360,1,1,1,1, втором
283,360,1,1,1,1, эта
283,360,1,1,1,1, помещается
283,360,1,1,1,1, Новом
283,360,1,1,1,1, Свете
283,360,1,1,1,1, «Там
283,360,1,1,1,1, каждый
283,360,1,1,3,3, день
283,360,1,1,1,1, вёдро
283,360,1,1,1,1, весело
283,360,1,1,1,1, чудесно
283,360,1,1,1,1, никаких
283,360,1,1,1,1, забот
283,360,1,1,1,1, работать
283,360,1,1,1,1, надо
283,360,1,1,1,1, одежда
283,360,1,1,1,1, еда
283,360,1,1,1,1, питье
283,360,1,1,2,2, всегда
283,360,1,1,1,1, готовы»
283,360,1,1,1,1, Но
283,360,1,1,1,1, чтобы
283,360,1,1,1,1, туда
283,360,1,1,1,1, добраться
283,360,1,1,1,1, «нужно
283,360,1,1,1,1, двадцать
283,360,1,1,1,1, дней
283,360,1,1,1,1, карабкаться
283,360,1,1,1,1, перинам
283,360,1,2,2,1, как
283,360,1,1,1,1, облакам»
283,360,1,1,1,1, стихотворных
283,360,1,1,1,1, произведений
283,360,1,1,1,1, для
283,360,1,1,1,1, нашей
283,360,1,1,1,1, темы
283,360,1,1,1,1, интереснее
283,360,1,1,1,1, интермедия
283,360,1,9,9,1, ł
283,360,1,1,1,1, герой
283,360,1,1,1,1, так
283,360,1,1,1,1, описывает
283,360,1,1,1,1, сказочную
283,360,1,1,1,1, землю
283,360,1,1,1,1, ół
283,360,1,3,3,1, ą
283,360,1,2,2,1, ż
283,360,1,1,1,1, ść
283,360,1,1,1,1, żę
283,360,1,1,1,1, łę
283,360,1,1,1,1, łó
283,360,1,1,1,1, óż
283,360,1,2,2,1, Там
283,360,1,1,1,1, ходит
283,360,1,1,1,1, жареный
283,360,1,1,1,1, бык
283,360,1,1,1,1, утыканный
283,360,1,1,1,1, ножами
283,360,1,1,1,1, если
283,360,1,1,1,1, захотелось
283,360,1,1,2,2, есть
283,360,1,1,1,1, отрезай
283,360,1,1,1,1, кусок
283,360,1,1,1,1, бедняга
283,360,1,1,1,1, дома
283,360,1,1,1,1, покрыты
283,360,1,1,1,1, калачами
283,360,1,1,1,1, плетни
283,360,1,1,1,1, заплетают
283,360,1,1,1,1, хворостом
283,360,1,1,1,1, колбасами
283,360,1,1,2,2, У
283,360,1,1,1,1, нас
283,360,1,1,1,1, дубах
283,360,1,1,1,1, родятся
283,360,1,1,1,1, желуди
283,360,1,2,2,1, там
283,360,1,1,1,1, всюду
283,360,1,1,1,1, дубами
283,360,1,1,1,1, полно
283,360,1,1,1,1, миндаля
283,360,1,1,7,2, И
283,360,1,1,2,2, кто
283,360,1,1,1,1, упомнит
283,360,1,1,4,3, все
283,360,1,1,1,1, видел
283,360,1,1,1,1, Коли
283,360,1,1,1,1, обо
283,360,1,1,1,1, всем
283,360,1,1,1,1, рассказывать
283,360,1,1,1,1, никакого
283,360,1,1,1,1, времени
283,360,1,1,1,1, хватит
283,360,1,1,1,1, имя
283,360,1,1,1,1, русски
283,360,1,1,2,2, можно
283,360,1,1,1,1, приблизительно
283,360,1,1,1,1, передать
283,360,1,1,1,1, Дармоед
283,360,1,1,1,1, является
283,360,1,1,1,1, зрителю
283,360,1,1,1,1, рубище
283,360,1,1,1,1, Контраст
283,360,1,1,2,2, между
283,360,1,1,1,1, убожеством
283,360,1,1,1,1, нищего
283,360,1,1,1,1, бродяги
283,360,1,1,1,1, его
283,360,1,1,1,1, рассказом
283,360,1,1,1,1, той
283,360,1,1,1,1, стране
283,360,1,1,1,1, где
283,360,1,2,2,1, он
283,360,1,1,1,1, только
283,360,1,1,1,1, побывал
283,360,1,1,1,1, создает
283,360,1,1,1,1, смеховую
283,360,1,1,1,1, ситуацию
283,360,1,1,1,1, Этот
283,360,1,2,2,1, зрелищный
283,360,1,1,1,1, контраст
283,360,1,1,1,1, играет
283,360,1,1,1,1, роль
283,360,1,1,1,1, текстового
283,360,1,1,1,1, эквивалента
283,360,1,1,1,1, заменяет
283,360,1,1,1,1, словесную
283,360,1,1,1,1, компрометацию
283,360,1,1,1,1, которая
283,360,1,1,1,1, обычно
283,360,1,1,1,1, оформляется
283,360,1,1,1,1, шутовском
283,360,1,1,1,1, маршруте
283,360,1,1,1,1, иных
283,360,1,1,1,1, случаях
283,360,1,1,1,1, используются
283,360,1,1,1,1, оба
283,360,1,1,1,1, способа
283,360,1,1,1,1, компрометации
283,360,1,1,1,1, словесный
273,359,2,1,1,1, ﻿ЛОСЬ
273,359,2,1,1,1, Вечеромъ
273,359,2,3,4,2, къ
273,359,2,1,2,2, намъ
273,359,2,1,1,1, пріѣхалъ
273,359,2,3,3,1, губернаторъ
273,359,2,2,2,1, а
273,359,2,6,13,3, на
273,359,2,1,1,1, другой
273,359,2,1,3,3, день
273,359,2,3,3,1, утромъ
273,359,2,1,1,1, была
273,359,2,1,1,1, назначена
273,359,2,1,1,1, лосиная
273,359,2,1,1,1, облава
273,359,2,1,1,1, Хотя
273,359,2,1,1,1, посмотрѣть
273,359,2,1,1,1, губернатора
273,359,2,15,36,3, и
273,359,2,2,2,1, очень
273,359,2,1,1,1, интересно
273,359,2,1,1,1, однако
273,359,2,1,1,1, завтрашняя
273,359,2,1,1,1, охота
273,359,2,1,1,1, которую
273,359,2,1,1,1, отецъ
273,359,2,1,1,1, обѣщалъ
273,359,2,1,1,1, взять
273,359,2,1,1,1, занимала
273,359,2,1,1,1, гораздо
273,359,2,1,2,2, больше
273,359,2,1,1,1, Она
273,359,2,1,1,1, волновала
273,359,2,1,3,3, во
273,359,2,1,2,2, всѣхъ
273,359,2,1,1,1, отношеніяхъ
273,359,2,1,1,1, главное
273,359,2,1,1,1, уѣдетъ
273,359,2,2,2,1, ли
273,359,2,3,3,1, завтра
273,359,2,2,6,2, А
273,359,2,1,1,1, вдругъ
273,359,2,2,2,1, онъ
273,359,2,1,1,1, заспится
273,359,2,16,24,2, —
273,359,2,2,2,1, тогда
273,359,2,5,7,2, мы
273,359,2,1,1,1, опоздаемъ
273,359,2,1,1,1, Прощаясь
273,359,2,4,5,2, съ
273,359,2,2,2,1, нами
273,359,2,1,1,1, ночь
273,359,2,3,3,1, былъ
273,359,2,1,1,1, любезенъ
273,359,2,1,1,1, поцѣловалъ
273,359,2,5,5,1, меня
273,359,2,8,13,2, въ
273,359,2,1,1,1, лобъ
273,359,2,1,1,1, но
273,359,2,4,7,2, я
273,359,2,1,1,1, думалъ
273,359,2,1,1,1, о
273,359,2,1,1,1, другомъ
273,359,2,1,1,1, хорошо
273,359,2,1,1,1, отцемъ
273,359,2,1,1,1, приготовили
273,359,2,1,1,1, патроны
273,359,2,3,3,1, Я
273,359,2,1,1,1, шаркнулъ
273,359,2,1,5,2, какъ
273,359,2,1,1,1, благовоспитанный
273,359,2,1,1,1, мальчикъ
273,359,2,1,1,1, пошелъ
273,359,2,1,1,1, спать
273,359,2,1,3,2, Въ
273,359,2,1,1,1, маленькой
273,359,2,1,1,1, гостиной
273,359,2,1,1,1, встрѣтилъ
273,359,2,1,1,1, станового
273,359,2,1,1,1, Никиту
273,359,2,1,1,1, Иваныча
273,359,2,1,1,1, дремалъ
273,359,2,1,1,1, креслѣ
273,359,2,2,10,3, не
273,359,2,1,1,1, смѣя
273,359,2,1,1,1, войти
273,359,2,1,1,1, столовую
273,359,2,2,2,1, гдѣ
273,359,2,1,1,1, ужинали
273,359,2,1,1,1, Никита
273,359,2,1,1,1, Иванычъ
273,359,2,1,1,1, спросилъ
273,359,2,1,1,1, которомъ
273,359,2,1,1,1, часу
273,359,2,1,1,1, вы
273,359,2,1,1,1, ѣдете
273,359,2,1,1,1, Становой
273,359,2,1,1,1, зѣвнулъ
273,359,2,1,1,1, улыбнулся
273,359,2,1,1,1, Приказано
273,359,2,1,1,1, восьми
273,359,2,2,2,1, лосей
273,359,2,1,1,1, сказалъ
273,359,2,1,1,1, Отецъ
273,359,2,1,1,1, тоже
273,359,2,1,1,1, беретъ
273,359,2,1,2,2, Да
273,359,2,1,1,1, васъ
273,359,2,1,1,1, лось
273,359,2,1,1,1, забодаетъ
273,359,2,1,1,1, Ну
273,359,2,1,1,1, положимъ
273,359,2,1,1,1, самонадѣянъ
273,359,2,1,2,2, У
273,359,2,1,1,1, ружье
273,359,2,1,1,1, пулей
273,359,2,1,1,1, заряжается
273,359,2,1,1,1, заснул
273,359,2,1,1,1, легко
273,359,2,1,1,1, полупотемкахъ
273,359,2,1,1,1, слышалъ
273,359,2,1,1,1, суету
273,359,2,1,1,1, мимо
273,359,2,1,1,1, оконъ
273,359,2,1,1,1, скакали
273,359,2,1,1,1, урядники
273,359,2,1,1,1, звенѣли
273,359,2,1,1,1, тройки
273,359,2,1,1,1, ямщики
273,359,2,1,1,1, гикали
273,359,2,1,1,1, наконецъ
273,359,2,2,4,3, все
273,359,2,2,5,2, это
273,359,2,1,1,1, чуждое
273,359,2,1,1,1, нашему
273,359,2,1,1,1, мирному
273,359,2,1,1,1, дому
273,359,2,1,1,1, куда
273,359,2,1,2,2, то
273,359,2,1,1,1, умчалось
273,359,2,1,1,1, «Слава
273,359,2,1,1,1, Богу»
273,359,2,1,1,1, подумалъ
273,359,2,1,1,1, сталъ
273,359,2,1,1,1, одѣваться
273,359,2,1,1,1, Мы
273,359,2,1,1,1, наскоро
273,359,2,1,1,1, пили
273,359,2,1,1,1, чай
273,359,2,1,1,1, мама
273,359,2,1,1,1, кутала
273,359,2,1,1,1, башлыкомъ
273,359,2,1,1,1, сверхъ
273,359,2,1,1,1, полушубка
273,359,2,1,1,1, цѣловала
273,359,2,1,1,1, просила
273,359,2,3,3,1, отца
273,359,2,1,1,1, ни
273,359,2,1,1,1, шагъ
273,359,2,1,1,1, отпускать
273,359,2,1,1,1, отъ
273,359,2,1,1,1, себя
273,359,2,1,1,1, Потомъ
273,359,2,1,1,1, сѣли
273,359,2,2,2,1, сани
273,359,2,1,1,1, Тимоѳеичъ
273,359,2,1,1,1, запахнулъ
273,359,2,1,1,1, полость
273,359,2,3,3,1, за
273,359,2,1,1,1, санями
273,359,2,1,1,1, другихъ
273,359,2,1,1,1, охотниковъ
273,359,2,1,1,1, сослуживцевъ
273,359,2,3,7,2, по
273,359,2,1,1,1, заводу
273,359,2,1,1,1, покатили
273,359,2,1,1,1, главной
273,359,2,1,1,1, слободѣ
273,359,2,1,1,1, села
273,359,2,1,1,1, направленіи
273,359,2,1,1,1, дальнимъ
273,359,2,1,1,1, лѣсамъ
273,359,2,1,1,1, Ѣхали
273,359,2,1,1,1, часа
273,359,2,1,1,1, полтора
273,359,2,1,1,1, добрались
273,359,2,1,1,1, до
273,359,2,1,1,1, лѣса
273,359,2,1,1,1, Здѣсь
273,359,2,1,1,1, дорога
273,359,2,1,1,1, стала
273,359,2,1,1,1, хуже
273,359,2,1,1,1, пришлось
273,359,2,1,1,1, ѣхать
273,359,2,1,1,1, почти
273,359,2,1,1,1, шагомъ
273,359,2,1,1,1, Стучали
273,359,2,1,1,1, дятлы
273,359,2,1,1,1, бѣлка
273,359,2,1,1,1, кой
273,359,2,1,1,1, шмыгала
273,359,2,1,1,1, сучьямъ
273,359,2,1,1,1, иней
273,359,2,1,1,1, одѣлъ
273,359,2,1,1,1, своей
273,359,2,1,1,1, ризой
273,359,2,1,1,1, лѣсу
273,359,2,1,2,2, было
273,359,2,1,2,2, такъ
273,359,2,1,1,1, тихо
273,359,2,1,5,3, что
273,359,2,1,1,1, замирало
273,359,2,1,1,1, сердце
273,359,2,1,1,1, Иногда
273,359,2,1,1,1, дуга
273,359,2,1,1,1, задѣвала
273,359,2,1,1,1, вѣтку
273,359,2,1,1,1, насъ
273,359,2,1,1,1, осыпало
273,359,2,1,1,1, алмазнымъ
273,359,2,1,1,1, снѣгомъ
273,359,2,1,1,1, Скрипѣли
273,359,2,1,1,1, полозья
273,359,2,1,1,1, были
273,359,2,1,1,1, слышны
273,359,2,1,1,1, негромкіе
273,359,2,1,1,1, голоса
273,359,2,1,1,1, ѣхавшихъ
273,359,2,1,1,1, впереди
273,359,2,1,1,1, пахло
273,359,2,1,1,1, дымкомъ
273,359,2,1,1,1, отцовской
273,359,2,1,1,1, папироски
273,359,2,1,1,1, Около
273,359,2,1,1,1, сторожки
273,359,2,1,1,1, Якова
273,359,2,1,1,1, уже
273,359,2,1,1,1, стояли
273,359,2,1,1,1, Охотники
273,359,2,1,1,1, вылѣзали
273,359,2,1,1,1, расправлялись
273,359,2,1,1,1, снимали
273,359,2,1,1,1, шубы
273,359,2,1,1,1, стараясь
273,359,2,1,1,1, говорить
273,359,2,1,1,1, тише
273,359,2,1,1,1, лоси
273,359,2,1,1,1, чутки
273,359,2,1,1,1, Яковъ
273,359,2,1,1,1, хроменькій
273,359,2,1,1,1, ловкій
273,359,2,1,1,1, мужичонка
273,359,2,1,1,1, сновалъ
273,359,2,1,2,2, между
273,359,2,1,1,1, шептался
273,359,2,1,1,1, загонщиками
273,359,2,1,1,1, толпой
273,359,2,1,1,1, парней
273,359,2,1,1,1, дѣвокъ
273,359,2,1,1,1, имѣлъ
273,359,2,1,1,1, таинственный
273,359,2,1,1,1, видъ
273,359,2,1,1,1, тотъ
273,359,2,1,2,2, кто
273,359,2,1,1,1, обкладывалъ
273,359,2,1,1,1, казалось
273,359,2,1,1,1, лично
273,359,2,1,1,1, знакомъ
273,359,2,1,1,1, ними
273,359,2,1,1,1, Онъ
273,359,2,1,1,1, ухватилъ
273,359,2,1,1,1, рукавъ
273,359,2,1,1,1, закивалъ
261,306,3,1,1,1, ﻿Пирронова
261,306,3,1,1,1, ода
261,306,3,1,1,1, Приапу
261,306,3,1,1,1, Полное
261,306,3,1,1,1, название
261,306,3,1,1,1, ПИРОНОВА
261,306,3,1,1,1, ОДА
261,306,3,1,1,1, ПРИАПУ
261,306,3,1,1,1, переведенная
261,306,3,1,1,1, имр
261,306,3,1,3,3, во
261,306,3,1,1,1, граде
261,306,3,1,1,1, С
261,306,3,1,1,1, Петра
261,306,3,1,1,1, Эта
261,306,3,1,1,1, выдающаяся
261,306,3,1,1,1, работа
261,306,3,4,6,2, А
261,306,3,2,2,1, Илюшина
261,306,3,1,1,1, исполнена
261,306,3,1,1,1, с
261,306,3,1,1,1, удивительного
261,306,3,1,1,1, изящества
261,306,3,1,1,1, Тонкая
261,306,3,1,1,1, стилизация
261,306,3,1,3,2, под
261,306,3,1,1,1, барковиану
261,306,3,1,1,1, века
261,306,3,1,1,1, оказалась
261,306,3,1,1,1, единственным
261,306,3,1,1,1, истинно
261,306,3,1,1,1, барковианским
261,306,3,1,1,1, переводом
261,306,3,1,1,1, главного
261,306,3,1,1,1, текста
261,306,3,2,2,1, всей
261,306,3,1,1,1, традиции
261,306,3,1,1,1, обсценной
261,306,3,1,1,1, бакровианы
261,306,3,1,1,1, à
261,306,3,1,1,1, Опубликована
261,306,3,3,9,2, в
261,306,3,1,1,1, статье
261,306,3,1,1,1, Запоздалый
261,306,3,1,1,1, перевод
261,306,3,1,1,1, эротико
261,306,3,1,1,1, приапейской
261,306,3,2,2,1, оды
261,306,3,1,1,1, Все
261,306,3,1,1,1, авторские
261,306,3,1,1,1, комментарии
261,306,3,1,1,1, к
261,306,3,1,1,1, этому
261,306,3,1,1,1, тексту
261,306,3,1,2,2, можно
261,306,3,1,1,1, посмотреть
261,306,3,5,13,3, на
261,306,3,1,1,1, сайте
261,306,3,1,1,1, журнала
261,306,3,1,1,1, Ссылку
261,306,3,1,1,1, см
261,306,3,1,1,1, примечаниях
261,306,3,1,1,1, конце
261,306,3,1,1,1, данной
261,306,3,2,2,1, Прочь
261,306,3,1,1,1, бляди
261,306,3,1,1,1, взлѣзшїя
261,306,3,1,1,1, Пиндъ
261,306,3,1,1,1, удались
261,306,3,1,1,1, любовникъ
261,306,3,1,1,1, Дафны
261,306,3,1,1,1, Чей
261,306,3,2,2,1, хуй
261,306,3,1,1,1, невозмутимо
261,306,3,1,1,1, спитъ
261,306,3,1,1,1, Покуду
261,306,3,3,10,3, не
261,306,3,1,1,1, вздроченъ
261,306,3,1,1,1, безславный
261,306,3,1,1,1, Прїапъ
261,306,3,1,4,2, къ
261,306,3,1,1,1, тебѣ
261,306,3,3,7,2, я
261,306,3,1,1,1, днесь
261,306,3,1,1,1, возвалъ
261,306,3,1,1,1, Твой
261,306,3,1,1,1, шматъ
261,306,3,1,1,1, тьмамъ
261,306,3,2,2,1, пиздъ
261,306,3,1,1,1, вельми
261,306,3,1,1,1, удалъ
261,306,3,1,1,1, Низвергъ
261,306,3,1,1,1, бурливый
261,306,3,1,1,1, токъ
261,306,3,1,1,1, заебинъ
261,306,3,1,1,1, Дай
261,306,3,1,1,1, силы
261,306,3,1,1,1, мнѣ
261,306,3,1,1,1, вдохни
261,306,3,5,13,2, въ
261,306,3,1,1,1, мой
261,306,3,1,1,1, удъ
261,306,3,1,1,1, Весь
261,306,3,1,1,1, жаръ
261,306,3,1,1,1, всю
261,306,3,1,1,1, пылкость
261,306,3,1,1,1, твоихъ
261,306,3,1,1,1, мудъ
261,306,3,1,2,2, Да
261,306,3,1,1,1, прянетъ
261,306,3,1,1,1, твоему
261,306,3,1,1,1, подобенъ
261,306,3,1,1,1, Васъ
261,306,3,2,2,1, шлюхи
261,306,3,1,1,1, ебари
261,306,3,1,1,1, зову
261,306,3,1,1,1, Вкусить
261,306,3,1,1,1, толикихъ
261,306,3,1,1,1, видовъ
261,306,3,1,1,1, сладость
261,306,3,1,1,1, Гдѣ
261,306,3,1,5,3, что
261,306,3,1,1,1, зрю
261,306,3,1,1,1, яву
261,306,3,1,1,1, Сїя
261,306,3,1,1,1, небесъ
261,306,3,1,1,1, превыше
261,306,3,1,1,1, радость
261,306,3,1,1,1, Мудищь
261,306,3,1,1,1, ядреныхъ
261,306,3,1,1,1, круглота
261,306,3,1,1,1, Могущихъ
261,306,3,1,1,1, лядвїй
261,306,3,1,1,1, нагота
261,306,3,1,1,1, Хуевъ
261,306,3,1,1,1, ярящїеся
261,306,3,1,1,1, стебли
261,306,3,2,2,1, Се
261,306,3,1,1,1, жопы
261,306,3,1,1,1, свѣтлыя
261,306,3,4,5,2, какъ
261,306,3,1,3,3, день
261,306,3,1,1,1, распаленная
261,306,3,1,1,1, пиздень
261,306,3,6,7,2, И
261,306,3,1,4,3, все
261,306,3,1,1,1, слилось
261,306,3,1,1,1, екстазахъ
261,306,3,2,2,1, ебли
261,306,3,2,2,1, Пребудьте
261,306,3,1,1,1, образы
261,306,3,1,1,1, сїи
261,306,3,1,1,1, вѣчно
261,306,3,1,1,1, предъ
261,306,3,1,1,1, очами
261,306,3,1,1,1, Вы
261,306,3,1,1,1, нѣжа
261,306,3,1,1,1, чувствїя
261,306,3,1,1,1, мои
261,306,3,1,1,1, Моими
261,306,3,1,1,1, станете
261,306,3,1,1,1, богами
261,306,3,1,1,1, Прїапу
261,306,3,1,1,1, храмъ
261,306,3,1,1,1, воздвигнутъ
261,306,3,1,1,1, будь
261,306,3,2,2,1, Къ
261,306,3,1,1,1, нему
261,306,3,1,1,1, всякъ
261,306,3,1,1,1, ебарь
261,306,3,1,1,1, вѣдай
261,306,3,1,2,2, путь
261,306,3,1,1,1, млечну
261,306,3,1,1,1, дань
261,306,3,1,1,1, неси
261,306,3,1,1,1, ебливо
261,306,3,1,1,1, Гирланды
261,306,3,1,1,1, немъ
261,306,3,1,1,1, мудей
261,306,3,1,1,1, власы
261,306,3,1,1,1, предолгїе
261,306,3,1,1,1, усы
261,306,3,1,1,1, Жрецъ
261,306,3,1,1,1, вздыбленный
261,306,3,1,1,1, горделиво
261,306,3,1,1,1, Киты
261,306,3,1,1,1, велблюды
261,306,3,5,36,3, и
261,306,3,1,1,1, орлы
261,306,3,1,1,1, Всѣ
261,306,3,1,1,1, звѣри
261,306,3,1,1,1, птицы
261,306,3,1,1,1, да
261,306,3,1,1,1, мухи
261,306,3,2,3,2, Въ
261,306,3,1,1,1, водѣ
261,306,3,1,1,1, небѣ
261,306,3,1,1,1, ль
261,306,3,1,1,1, земли
261,306,3,1,1,1, Ебутся
261,306,3,2,7,2, мы
261,306,3,1,1,1, Падутъ
261,306,3,1,1,1, заебины
261,306,3,1,1,1, градъ
261,306,3,1,1,1, Ебать
261,306,3,1,1,1, другъ
261,306,3,1,1,1, дружку
261,306,3,2,2,1, всѣ
261,306,3,1,1,1, хотятъ
261,306,3,2,2,1, Пизда
261,306,3,1,1,1, смѣситься
261,306,3,1,1,1, алчетъ
261,306,3,1,5,2, съ
261,306,3,1,1,1, хуемъ
261,306,3,1,2,2, есть
261,306,3,1,1,1, щастїя
261,306,3,1,1,1, залогъ
261,306,3,1,1,1, пиздѣ
261,306,3,1,1,1, со
261,306,3,1,2,2, всѣхъ
261,306,3,1,1,1, спѣшимъ
261,306,3,1,1,1, ногъ
261,306,3,1,1,1, безъ
261,306,3,1,1,1, пизды
261,306,3,1,2,2, всегда
261,306,3,1,1,1, тоскуемъ
261,306,3,1,1,1, вѣкъ
261,306,3,1,1,1, будетъ
261,306,3,1,2,2, такъ
261,306,3,1,2,2, было
261,306,3,1,1,1, старь
261,306,3,1,1,1, Безъ
261,306,3,1,2,2, намъ
261,306,3,1,1,1, обойтися
261,306,3,1,1,1, люди
261,306,3,1,1,1, всяка
261,306,3,1,1,1, тварь
261,306,3,1,1,1, Не
261,306,3,1,1,1, жили
261,306,3,1,1,1, бъ
261,306,3,1,1,1, кабы
261,306,3,1,1,1, еблися
261,306,3,2,2,1, Ебливость
261,306,3,1,1,1, зиждетъ
261,306,3,1,1,1, етотъ
261,306,3,1,1,1, мїръ
261,306,3,1,1,1, изъ
261,306,3,1,1,1, отверзтыхъ
261,306,3,1,1,1, дыръ
261,306,3,1,1,1, Выводитъ
261,306,3,1,1,1, вѣчность
261,306,3,1,1,1, вселенной
261,306,3,1,1,1, Котора
261,306,3,1,1,1, ясной
261,306,3,1,1,1, лѣпотѣ
261,306,3,1,1,1, безпредѣльной
261,306,3,1,1,1, широтѣ
261,306,3,1,1,1, Есть
261,306,3,1,1,1, домъ
261,306,3,1,1,1, ебни
261,306,3,1,1,1, неприкровенной
