129,191,1,1,2,2, ﻿
129,191,1,1,1,1, पुरनिपॆन
129,191,1,2,2,1, अन्ग्लुनॆस्
129,191,1,7,7,1, सस्
129,191,1,1,1,1, दुइ
129,191,1,1,1,1, थनिपॆन
129,191,1,15,16,2, ऒ
129,191,1,1,1,1, ऎख्तॊ
129,191,1,1,1,1, मख़युख़
129,191,1,3,3,1, कॊ
129,191,1,3,3,1, थन्
129,191,1,3,3,1, कै
129,191,1,2,2,1, अकन
129,191,1,4,4,1, सि
129,191,1,1,1,1, स्तरि
129,191,1,1,1,1, रद्
129,191,1,1,1,1, ý
129,191,1,2,2,1, थै
129,191,1,2,2,1, दुइतॊ
129,191,1,1,1,1, तॆर्र
129,191,1,1,1,1, मॊय्स्
129,191,1,5,5,1, कतर्
129,191,1,1,1,1, अवॆल्
129,191,1,2,2,1, अकनुत्नॊ
129,191,1,2,2,1, नव्
129,191,1,1,1,1, जन्ग्लॊ
129,191,1,3,3,1, सर्
129,191,1,1,1,1, विद्र्मॊख़
129,191,1,3,3,1, ।
129,191,1,1,1,1, थनिप्नस्कॊ
129,191,1,1,1,1, परुव्दॊ
129,191,1,1,1,1, बुत्वर्
129,191,1,2,2,1, मॊषॊविख़
129,191,1,3,3,1, मॊशॊत्स्
129,191,1,1,1,1, मॊषॊवॆत्स्
129,191,1,1,1,1, विल्ल
129,191,1,1,1,1, रॆगिअ
129,191,1,1,1,1, मयॊस्
129,191,1,1,1,1, अलिऒ
129,191,1,1,1,1, नॊमिनॆ
129,191,1,1,1,1, ऒप्पिदिऒउम्
129,191,1,2,2,1, मयुस्
129,191,1,1,1,1, सुऎ
129,191,1,1,1,1, ऒलिम्
129,191,1,5,5,1, मॊशॊव्त्सॆ
129,191,1,1,1,1, š
129,191,1,1,1,1, बरिल्यस्
129,191,1,2,2,1, ऎख्
129,191,1,1,1,1, थगरिप्नस्कॊ
129,191,1,1,1,1, थनिपॆन्।
129,191,1,1,1,1, मश्कर्
129,191,1,2,2,1, लॆ
129,191,1,1,1,1, १४तॊ
129,191,1,1,1,1, शॆल्बॆर्शॆस्कॊ
129,191,1,2,2,1, तॆलल्
129,191,1,1,1,1, थग्गरिप्नस्कॊ
129,191,1,1,1,1, खॆर्वज्
129,191,1,5,6,2, इ
129,191,1,1,1,1, ब्लत्नित्स।
129,191,1,1,1,1, १५२७
129,191,1,1,1,1, ऒप्रॆतॆलॆ
129,191,1,1,1,1, ४००
129,191,1,1,1,1, बॆर्श
129,191,1,1,1,1, फ़मिलिय
129,191,1,1,1,1, रॆवय्।
129,191,1,1,1,1, ऒरिगिनल्नॊ
129,191,1,1,1,1, अर्ख़ितॆक्तुर
129,191,1,1,1,1, दिखिपॆन
129,191,1,1,1,1, शुकर्
129,191,1,1,1,1, मॊनुमॆंतॊ
129,191,1,1,1,1, मनॊर्
129,191,1,1,1,1, खॆर्
129,191,1,1,1,1, अंदर्
129,191,1,1,1,1, पश्
129,191,1,1,1,1, १८तॊ
129,191,1,1,1,1, शॆल्बॆर्श्ऎस्कॊ।
129,191,1,1,1,1, अवॆर्
129,191,1,1,1,1, जन्ग्लॆ
129,191,1,1,1,1, थन
129,191,1,1,1,1, कतॊलिच्कॊ
129,191,1,2,2,1, खन्गॆरि
129,191,1,1,1,1, बियंदिलॊ
129,191,1,2,2,1, यन्
129,191,1,2,2,1, कॊल्लर्
129,191,1,1,1,1, लुतॆरनिच्कॊ
129,191,1,1,1,1, कॆर्दि
129,191,1,1,1,1, १७८४तॊ
129,191,1,1,1,1, बॆर्शॆस्तॆ
129,191,1,1,1,1, संस्क्र्तिपॆन
129,191,1,1,1,1, बियंदिल्यन्
129,191,1,1,1,1, बरॆ
129,191,1,1,1,1, मनुश
129,191,1,1,1,1, फ़्रित्सॊ
129,191,1,1,1,1, कफ़ॆंद
129,191,1,1,1,1, १८८३
129,191,1,1,1,1, १९६३
129,191,1,1,1,1, गिल्यन्गॊ
129,191,1,1,1,1, कॆर्दितॊरि
129,191,1,1,1,1, अन्न
129,191,1,1,1,1, लत्स्कॊव
129,191,1,1,1,1, ज़ॊर
129,191,1,1,1,1, १८९९
129,191,1,1,1,1, १९८८
129,191,1,1,1,1, लॆखव्नि
129,191,1,1,1,1, युर्
129,191,1,1,1,1, तॆसक्
129,191,1,1,1,1, मॊशॊव्स्कि
129,191,1,1,1,1, मिलॊस्लव्
129,191,1,1,1,1, श्मित्।
129,191,1,1,1,1, बरॆदॆर्
129,191,1,1,1,1, लॆंदर्
129,191,1,1,1,1, १७९३
129,191,1,1,1,1, १८५२
129,191,1,1,1,1, लॆस्कि
129,191,1,1,1,1, पॊऎसिय
129,191,1,1,1,1, स्लवि
129,191,1,1,1,1, द्त्सॆर
129,191,1,1,1,1, जन्ग्लि
129,191,1,1,1,1, पॆ
129,191,1,1,1,1, बुत्
129,191,1,2,2,1, स्लविकनॆ
129,191,1,1,1,1, बि
129,191,1,1,1,1, छिब।
129,191,1,1,1,1, अव्रुत्नॆ
129,191,1,1,1,1, फंदिमत
129,191,1,1,1,1, ब्रॊश़ुर
129,191,1,1,1,1, इन्फ़ॊर्मत्सियि
129,191,1,1,1,1, द्रिऎनॊक्
129,191,1,1,1,1, गलॆरि
295,498,2,1,2,2, ﻿
295,498,2,1,1,1, लेखक
295,498,2,1,1,1, भीष्म
295,498,2,1,1,1, साहनी
295,498,2,1,1,1, राजकमल
295,498,2,1,1,1, प्रकाशन
295,498,2,12,12,1, से
295,498,2,1,1,1, साभार
295,498,2,1,1,1, घुमक्कड़ी
295,498,2,16,16,1, के
295,498,2,1,1,1, दिनों
295,498,2,8,8,1, में
295,498,2,1,1,1, मुझे
295,498,2,1,1,1, खुद
295,498,2,1,1,1, मालूम
295,498,2,1,5,2, न
295,498,2,2,3,2, होता
295,498,2,2,2,1, कि
295,498,2,1,1,1, कब
295,498,2,1,1,1, किस
295,498,2,1,1,1, घाट
295,498,2,2,3,2, जा
295,498,2,1,1,1, लगूंगा।
295,498,2,5,5,1, कभी
295,498,2,1,1,1, भूमध्य
295,498,2,1,1,1, सागर
295,498,2,1,1,1, तट
295,498,2,18,18,1, पर
295,498,2,1,1,1, भूली
295,498,2,1,1,1, बिसरी
295,498,2,4,4,1, किसी
295,498,2,1,1,1, सभ्यता
295,498,2,1,1,1, खण्डहर
295,498,2,2,2,1, देख
295,498,2,3,3,1, रहा
295,498,2,3,3,1, तो
295,498,2,2,2,1, युरोप
295,498,2,1,1,1, नगर
295,498,2,8,8,1, की
295,498,2,1,1,1, जनाकीर्ण
295,498,2,1,1,1, सड़कों
295,498,2,2,2,1, घूम
295,498,2,1,1,1, रह
295,498,2,1,1,1, होता।
295,498,2,1,1,1, दुनिया
295,498,2,2,2,1, बड़ी
295,498,2,1,1,1, विचित्र
295,498,2,3,3,1, साथ
295,498,2,8,8,1, ही
295,498,2,1,1,1, अबोध
295,498,2,10,10,1, और
295,498,2,1,1,1, अगम्य
295,498,2,1,1,1, लगती
295,498,2,1,1,1, जान
295,498,2,1,1,1, पड़ता
295,498,2,1,1,1, जैसे
295,498,2,2,2,1, मेरी
295,498,2,2,2,1, तरह
295,498,2,5,5,1, वह
295,498,2,4,4,1, भी
295,498,2,1,1,1, बिना
295,498,2,1,1,1, घुरे
295,498,2,1,1,1, निरुद्देश्य
295,498,2,4,4,1, रही
295,498,2,3,3,1, है।
295,498,2,1,1,1, ऎसे
295,498,2,5,6,2, एक
295,498,2,6,6,1, बार
295,498,2,5,5,1, मैं
295,498,2,1,1,1, यूरोप
295,498,2,1,1,1, दूरवर्ती
295,498,2,2,2,1, इलाके
295,498,2,1,1,1, पहुंचा
295,498,2,3,3,1, था।
295,498,2,1,1,1, दिन
295,498,2,1,1,1, दोपहर
295,498,2,3,3,1, वक्त
295,498,2,1,1,1, होटल
295,498,2,1,1,1, कमरे
295,498,2,1,1,1, निकल
295,498,2,6,6,1, कर
295,498,2,3,3,1, खाड़ी
295,498,2,1,1,1, किनारे
295,498,2,3,3,1, बैंच
295,498,2,1,1,1, बैठा
295,498,2,1,1,1, आती
295,498,2,2,2,1, जाती
295,498,2,1,1,1, नावों
295,498,2,1,1,1, को
295,498,2,1,1,1, था
295,498,2,1,1,1, जब
295,498,2,3,3,1, मेरे
295,498,2,3,3,1, पास
295,498,2,1,1,1, गुजरते
295,498,2,3,3,1, हुए
295,498,2,1,1,1, अधेड़
295,498,2,1,1,1, उम्र
295,498,2,3,3,1, महिला
295,498,2,1,1,1, ठिठक
295,498,2,1,1,1, खड़ी
295,498,2,5,5,1, हो
295,498,2,3,3,1, गई।
295,498,2,3,3,1, मैंने
295,498,2,1,1,1, विशेष
295,498,2,1,1,1, ध्यान
295,498,2,3,3,1, नहीं
295,498,2,1,1,1, दिया
295,498,2,2,2,1, समझा
295,498,2,2,2,1, उसे
295,498,2,2,2,1, दूसरे
295,498,2,2,2,1, चेहरे
295,498,2,3,3,1, का
295,498,2,1,1,1, मुगालता
295,498,2,2,2,1, हुआ
295,498,2,3,3,1, होगा।
295,498,2,1,1,1, निकट
295,498,2,1,4,2, आ
295,498,2,1,1,1, गयी।
295,498,2,1,1,1, “भारत
295,498,2,1,1,1, आये
295,498,2,1,1,1, उसने
295,498,2,1,1,1, धीरे
295,498,2,1,1,1, शिष्ट
295,498,2,1,1,1, मुसकान
295,498,2,1,1,1, पूछा।
295,498,2,1,1,1, मुस्कुरा
295,498,2,1,1,1, सिर
295,498,2,1,1,1, हिला
295,498,2,1,1,1, दिया।
295,498,2,1,1,1, “मैं
295,498,2,1,1,1, देखते
295,498,2,1,1,1, समझ
295,498,2,1,1,1, गई
295,498,2,2,2,1, थी
295,498,2,2,2,1, तुम
295,498,2,2,2,1, हिंदुस्तानी
295,498,2,1,1,1, होगे।
295,498,2,3,3,1, अपना
295,498,2,1,1,1, बड़ा
295,498,2,1,1,1, सा
295,498,2,4,4,1, थैला
295,498,2,2,2,1, रख
295,498,2,2,2,1, बैठ
295,498,2,1,1,1, नाटे
295,498,2,1,1,1, कद
295,498,2,1,1,1, बोझिल
295,498,2,2,2,1, शरीर
295,498,2,1,1,1, बाजार
295,498,2,1,1,1, सौदा
295,498,2,1,1,1, खरीद
295,498,2,1,1,1, लौट
295,498,2,3,3,1, थी।
295,498,2,1,1,1, नीले
295,498,2,1,1,1, जल
295,498,2,1,1,1, जैसी
295,498,2,1,1,1, उसकी
295,498,2,1,1,1, आंखें
295,498,2,1,1,1, इतनी
295,498,2,2,2,1, साफ
295,498,2,3,3,1, नीली
295,498,2,1,1,1, आंखे
295,498,2,1,1,1, किवल
295,498,2,1,1,1, छोटे
295,498,2,1,1,1, बच्चों
295,498,2,1,1,1, होती
295,498,2,2,2,1, हैं।
295,498,2,4,4,1, इस
295,498,2,1,1,1, गौरी
295,498,2,1,1,1, त्वचा।
295,498,2,1,1,1, बाल
295,498,2,1,1,1, खिचड़ी
295,498,2,1,1,1, रहे
295,498,2,1,1,1, थे
295,498,2,2,2,1, हल्की
295,498,2,1,1,1, रेखायें
295,498,2,1,1,1, उतर
295,498,2,1,1,1, आई
295,498,2,1,1,1, थीं
295,498,2,1,1,1, जिनके
295,498,2,1,1,1, जाल
295,498,2,1,4,2, या
295,498,2,1,1,1, रेगीस्तान
295,498,2,2,2,1, कोई
295,498,2,1,1,1, बच
295,498,2,1,1,1, सकता।
295,498,2,1,1,1, खरीदारी
295,498,2,1,1,1, तनिक
295,498,2,1,1,1, सुस्ताने
295,498,2,1,1,1, लिये
295,498,2,1,1,1, अंग्रेज
295,498,2,1,1,1, टूटी
295,498,2,1,1,1, फूटी
295,498,2,1,1,1, अंग्रेजी
295,498,2,1,1,1, मतलब
295,498,2,1,1,1, अच्छी
295,498,2,1,1,1, लेती
295,498,2,1,1,1, “मेरा
295,498,2,1,1,1, पति
295,498,2,1,1,1, भारत
295,498,2,2,2,1, रहने
295,498,2,1,1,1, वला
295,498,2,3,3,1, है
295,498,2,3,4,2, घर
295,498,2,1,1,1, मिलकर
295,498,2,2,2,1, बहुत
295,498,2,1,1,1, खुश
295,498,2,1,1,1, थोड़ा
295,498,2,1,1,1, हैरान
295,498,2,1,1,1, इंगलैंड
295,498,2,1,1,1, फ्रांस
295,498,2,1,1,1, आदि
295,498,2,1,1,1, देशों
295,498,2,2,2,1, हिन्दुस्तानी
295,498,2,1,1,1, लोग
295,498,2,1,1,1, मिल
295,498,2,1,2,2, जाते
295,498,2,1,1,1, वहीं
295,498,2,1,1,1, सैंकड़ों
295,498,2,2,2,1, बस
295,498,2,1,1,1, गये
295,498,2,1,1,1, हैं
295,498,2,1,1,1, लेकिन
295,498,2,1,1,1, दूर
295,498,2,1,1,1, दराज
295,498,2,1,1,1, हिन्दुस्तनी
295,498,2,1,1,1, क्यों
295,498,2,1,1,1, आकर
295,498,2,1,1,1, लगा
295,498,2,2,2,1, कुछ
295,498,2,1,1,1, कोतुहल
295,498,2,1,1,1, वश
295,498,2,1,1,1, काटने
295,498,2,1,1,1, इच्छा
295,498,2,1,1,1, तैयार
295,498,2,1,1,1, गया।
295,498,2,1,1,1, “चलिये
295,498,2,1,1,1, जरूर
295,498,2,1,1,1, मिलना
295,498,2,1,1,1, चाहूंगा।
295,498,2,2,2,1, हम
295,498,2,1,1,1, दोनों
295,498,2,1,1,1, उठ
295,498,2,1,1,1, खड़े
295,498,2,1,1,1, हुए।
295,498,2,1,1,1, सड़क
295,498,2,1,1,1, चलते
295,498,2,1,1,1, हुये
295,498,2,1,1,1, नजर
295,498,2,3,3,1, उस
295,498,2,1,1,1, गोल
295,498,2,1,1,1, मटोल
295,498,2,1,1,1, रही।
295,498,2,2,2,1, ने
295,498,2,1,1,1, औरत
295,498,2,1,1,1, क्या
295,498,2,1,1,1, देखा
295,498,2,1,1,1, होगा
295,498,2,1,1,1, जो
295,498,2,1,1,1, छोड़
295,498,2,1,1,1, यहां
295,498,2,1,1,1, इसके
295,498,2,1,1,1, गया
295,498,2,1,1,1, संभव
295,498,2,1,1,1, जवानी
295,498,2,1,1,1, चुलबुली
295,498,2,1,1,1, नटखट
295,498,2,2,2,1, होगी।
295,498,2,1,1,1, इसकी
295,498,2,2,2,1, आंखों
295,498,2,2,2,1, कहर
295,498,2,1,1,1, ढाये
295,498,2,1,1,1, होंगे।
295,498,2,1,1,1, मरता
295,498,2,1,1,1, गोरी
295,498,2,1,1,1, चमड़ी
295,498,2,1,1,1, अब
295,498,2,1,1,1, समय
295,498,2,1,1,1, ढाने
295,498,2,1,1,1, लग
295,498,2,1,1,1, पचास
295,498,2,1,1,1, पचपन
295,498,2,1,1,1, उठाये
295,498,2,1,1,1, सांस
295,498,2,1,1,1, फूल
295,498,2,3,3,1, हाथ
295,498,2,1,1,1, उठाती
295,498,2,1,1,1, में।
295,498,2,1,1,1, मैने
295,498,2,2,2,1, उसके
295,498,2,1,1,1, ले
295,498,2,1,1,1, लिया
295,498,2,1,1,1, बतियाते
295,498,2,1,1,1, ओर
295,498,2,1,1,1, जाने
295,498,2,1,1,1, लगे।
220,332,3,1,1,1, ﻿चर्चा
220,332,3,3,3,1, मराठी
220,332,3,6,6,1, व्याकरण
220,332,3,2,2,1, कडून
220,332,3,1,1,1, येथे
220,332,3,1,3,2, जा
220,332,3,1,1,1, सुचालन
220,332,3,1,1,1, शोधयंत्र
220,332,3,3,3,1, भाषा
220,332,3,4,4,1, म्हणजे
220,332,3,2,2,1, विचार
220,332,3,2,2,1, व्यक्त
220,332,3,1,1,1, करण्याचे
220,332,3,1,1,1, साधन
220,332,3,2,2,1, भाषेचे
220,332,3,1,1,1, प्रकार
220,332,3,1,1,1, स्वाभाविक
220,332,3,1,1,1, नैसर्गीक
220,332,3,1,1,1, कृत्रिम
220,332,3,1,1,1, संकेतिक
220,332,3,1,1,1, ज्या
220,332,3,1,1,1, खुणांचा
220,332,3,3,3,1, उपयोग
220,332,3,2,2,1, लेखन
220,332,3,1,1,1, करण्या
220,332,3,2,2,1, करिता
220,332,3,1,1,1, करतात
220,332,3,2,2,1, त्यांना
220,332,3,4,4,1, लिपी
220,332,3,4,4,1, असे
220,332,3,4,4,1, म्हणतात
220,332,3,1,1,1, लिपीतील
220,332,3,1,1,1, प्रत्येक
220,332,3,1,1,1, खुणेला
220,332,3,6,6,1, अक्षर
220,332,3,1,1,1, भाष्
220,332,3,1,1,1, बोलणे
220,332,3,3,4,2, या
220,332,3,1,1,1, धातू
220,332,3,1,1,1, वरून
220,332,3,1,1,1, हा
220,332,3,2,2,1, शब्द
220,332,3,1,1,1, बनतो
220,332,3,1,1,1, भाष्य
220,332,3,1,1,1, भाषिक
220,332,3,1,1,1, भाषण
220,332,3,1,1,1, संभाषण
220,332,3,1,1,1, भाषिय
220,332,3,2,2,1, क्षर
220,332,3,2,2,1, नष्ट
220,332,3,3,3,1, होणारे
220,332,3,2,2,1, जे
220,332,3,2,2,1, होत
220,332,3,5,5,1, नाही
220,332,3,1,1,1, लिप्
220,332,3,1,1,1, लिंपणे
220,332,3,1,1,1, लिपिक
220,332,3,1,1,1, लिख्
220,332,3,1,1,1, कोरणे
220,332,3,2,2,1, देवनागरी
220,332,3,1,1,1, वैशिष्ट्ये
220,332,3,1,1,1, डावी
220,332,3,1,1,1, उजवी
220,332,3,1,1,1, कडे
220,332,3,1,1,1, बहुतेक
220,332,3,3,3,1, ध्वनी
220,332,3,1,6,2, एक
220,332,3,3,3,1, स्वतंत्र
220,332,3,4,4,1, वर्ण
220,332,3,2,2,1, चिन्हे
220,332,3,1,1,1, जोडाक्षरे
220,332,3,5,5,1, व
220,332,3,1,1,1, त्याची
220,332,3,1,1,1, आवश्यकता
220,332,3,1,1,1, वि
220,332,3,3,4,2, आ
220,332,3,1,1,1, कृ
220,332,3,1,1,1, करण
220,332,3,1,1,1, स्पष्टीकरण
220,332,3,1,1,1, करणारे
220,332,3,1,1,1, शास्त्र
220,332,3,1,1,1, भाषेचा
220,332,3,1,1,1, मागोवा
220,332,3,1,1,1, घेते
220,332,3,1,1,1, पतंजलीने
220,332,3,1,1,1, व्याकरणास
220,332,3,1,1,1, शब्दानुशासन
220,332,3,2,2,1, असेही
220,332,3,1,1,1, नाव
220,332,3,1,1,1, दिले
220,332,3,2,2,1, आहे
220,332,3,1,1,1, परस्परांचे
220,332,3,1,1,1, विशिष्ट
220,332,3,1,1,1, पद्धतीने
220,332,3,1,1,1, केले
220,332,3,1,1,1, तर
220,332,3,2,2,1, ते
220,332,3,1,1,1, सुसंबद्ध
220,332,3,1,1,1, समजण्यास
220,332,3,1,1,1, सुकर
220,332,3,1,1,1, ठरतात
220,332,3,1,1,1, आपण
220,332,3,1,1,1, बोलतो
220,332,3,1,1,1, किंवा
220,332,3,1,1,1, लिहितो
220,332,3,1,1,1, नीटनेटके
220,332,3,1,1,1, व्यवस्थित
220,332,3,1,1,1, आकर्षक
220,332,3,1,1,1, शुद्ध
220,332,3,1,1,1, ठेवण्याच्या
220,332,3,1,1,1, दृष्टीने
220,332,3,1,1,1, व्याकरणाची
220,332,3,1,1,1, मदत
220,332,3,1,1,1, घेता
220,332,3,1,1,1, येते
220,332,3,1,1,1, पद
220,332,3,1,1,1, वाक्य
220,332,3,1,1,1, व्यवहारातील
220,332,3,1,1,1, सुयोग्य
220,332,3,1,1,1, इत्यादींचा
220,332,3,1,1,1, अभ्यास
220,332,3,1,1,1, करते
220,332,3,1,1,1, तोंडा
220,332,3,1,1,1, वाटे
220,332,3,1,1,1, निघणार्या
220,332,3,1,1,1, मूलध्वनींना
220,332,3,1,1,1, लिहून
220,332,3,1,1,1, ठेवल्यामुळे
220,332,3,1,1,1, हे
220,332,3,2,2,1, नाश
220,332,3,4,5,2, न
220,332,3,1,1,1, पावता
220,332,3,1,1,1, कायमचे
220,332,3,1,1,1, राहतात
220,332,3,1,1,1, म्हणून
220,332,3,5,5,1, अ
220,332,3,1,1,1, पावणारे
220,332,3,7,7,1, स्वर
220,332,3,1,1,1, स्वरांचा
220,332,3,7,7,1, उच्चार
220,332,3,1,1,1, सहज
220,332,3,2,2,1, इतर
220,332,3,1,1,1, वर्णांच्या
220,332,3,1,1,1, मदती
220,332,3,1,1,1, शीवाय
220,332,3,1,1,1, ओठाला
220,332,3,1,1,1, ओठ
220,332,3,1,1,1, चिटकता
220,332,3,1,1,1, जीभेचा
220,332,3,1,1,1, मुखातील
220,332,3,1,1,1, कोणत्याही
220,332,3,1,1,1, अवयवाशी
220,332,3,1,1,1, स्पर्श
220,332,3,1,3,2, होता
220,332,3,1,1,1, केला
220,332,3,1,1,1, जातो
220,332,3,1,1,1, स्वरोच्चारांच्या
220,332,3,1,1,1, वेळी
220,332,3,1,1,1, हवेचा
220,332,3,1,1,1, मार्ग
220,332,3,1,1,1, अडवला
220,332,3,1,1,1, जात
220,332,3,1,1,1, तोंड
220,332,3,1,1,1, उघडे
220,332,3,1,1,1, पसरलेले
220,332,3,1,1,1, असते
220,332,3,1,1,1, ़हस्व
220,332,3,1,1,1, मुळ
220,332,3,1,6,2, इ
220,332,3,1,1,1, उ
220,332,3,1,1,1, ए
220,332,3,1,1,1, ओ
220,332,3,3,3,1, वापर
220,332,3,1,1,1, कमी
220,332,3,1,1,1, चाललेले
220,332,3,1,1,1, ऋ
220,332,3,1,1,1, ऌ
220,332,3,2,2,1, स्वरांचे
220,332,3,5,5,1, दिर्घ
220,332,3,1,1,1, ई
220,332,3,1,1,1, ऊ
220,332,3,1,1,1, संयुक्त
220,332,3,1,1,1, ऐ
220,332,3,1,1,1, औ
220,332,3,6,6,1, मराठीत
220,332,3,2,2,1, चिन्ह
220,332,3,3,3,1, नसलेले
220,332,3,1,1,1, गवत
220,332,3,4,4,1, च्या
220,332,3,3,3,1, मधील
220,332,3,3,3,1, चा
220,332,3,1,4,2, घर
220,332,3,1,1,1, घ
220,332,3,1,1,1, उच्चारांना
220,332,3,2,2,1, उपलब्ध
220,332,3,1,1,1, दार
220,332,3,1,1,1, दा
220,332,3,1,1,1, उच्चाराकरिता
220,332,3,2,2,1, पण
220,332,3,2,2,1, अक्षरचिन्ह
220,332,3,1,1,1, देव
220,332,3,1,1,1, लिहिताना
220,332,3,1,1,1, लिहिले
220,332,3,1,2,2, जाते
220,332,3,1,1,1, मुळात
220,332,3,1,1,1, एओ
220,332,3,1,1,1, असा
220,332,3,1,1,1, स्वरोच्चार
220,332,3,1,1,1, संमीलीत
220,332,3,1,1,1, स्वरास
220,332,3,1,1,1, नहोणारे
220,332,3,1,1,1, ॠ
220,332,3,1,1,1, ॡ
220,332,3,1,1,1, अधीकृत
220,332,3,1,1,1, मान्यता
220,332,3,1,1,1, ऍ
220,332,3,1,1,1, ऎ
220,332,3,1,1,1, ऑ
220,332,3,1,16,2, ऒ
220,332,3,1,1,1, बोलताना
